% # columns="iteration, evaluation, min max(neg(.)) min(pos(.)) max correlation, correlation matrix principle axes lengths  (sorted square roots of eigenvalues of correlation matrix)", seed=2, Fri May  3 10:36:46 2019
1 12 -0.08610343832021444 -0.0016118694270277423 0.006201339065406446 0.13949056114380276 1 1 1 1 1 1 1 1 1 1
2 24 -0.10483241102230854 -0.0038422056140191467 0.00032023242932151046 0.1559481030725014 1 1 1 1 1 1 1 1 1 1
3 36 -0.10041894877546724 -0.000679996008312867 0.0003225328190368741 0.19547050046213355 1 1 1 1 1 1 1 1 1 1
4 48 -0.12724728817277625 -0.0003640114760619383 0.004483763638230715 0.17952273587415232 1 1 1 1 1 1 1 1 1 1
5 60 -0.15535898229889833 -0.008371369186249703 0.004038679286540752 0.20517305855947499 1 1 1 1 1 1 1 1 1 1
6 72 -0.15894633085390264 -0.012583233214204632 4.74000628137909e-05 0.25845979453732604 1 1 1 1 1 1 1 1 1 1
7 84 -0.21584588061572968 -0.001768507167245164 0.007538087653055372 0.25652447774371484 1 1 1 1 1 1 1 1 1 1
8 96 -0.24270444132067245 -0.00044122592564006455 0.006921705970761823 0.29388222216832244 1 1 1 1 1 1 1 1 1 1
9 108 -0.25498857208654535 -0.0062957767082667355 0.003054030759062688 0.3155611994516297 1 1 1 1 1 1 1 1 1 1
10 120 -0.28194244626992554 -0.0026273203435116087 0.002296888695195244 0.3312200892458734 1 1 1 1 1 1 1 1 1 1
11 132 -0.28957602788197756 -0.006533715895828835 0.0025101660435430315 0.3799684013863713 1 1 1 1 1 1 1 1 1 1
12 144 -0.2798066800785879 -0.003066960757430586 0.0044840972639367295 0.34483745763927715 1 1 1 1 1 1 1 1 1 1
13 156 -0.3164330417818933 -0.0020720774074096575 0.008693556896558435 0.35520428897557804 1 1 1 1 1 1 1 1 1 1
14 168 -0.312884871944116 -0.0017648365126287616 0.01780907675454181 0.3220120680218591 1 1 1 1 1 1 1 1 1 1
15 180 -0.30219527774042076 -0.007897820494536195 0.0005389368380975698 0.3154019841197448 1 1 1 1 1 1 1 1 1 1
16 192 -0.3200583532577706 -0.006216817700517013 0.01649505066948986 0.28054891751742383 1 1 1 1 1 1 1 1 1 1
17 204 -0.3163364205508589 -0.005436516176004922 0.003688014492771572 0.28818839142647595 1 1 1 1 1 1 1 1 1 1
18 216 -0.3342084245120196 -0.0196689559145191 0.0053119713016315335 0.26926011303111286 1 1 1 1 1 1 1 1 1 1
19 228 -0.2894668593085111 -0.008965342462146388 0.003678592384347607 0.27367514237779306 1 1 1 1 1 1 1 1 1 1
20 240 -0.28643743375277536 -0.00034954074910227323 0.0032499258193337366 0.25809749797658726 1 1 1 1 1 1 1 1 1 1
21 252 -0.2865627926034602 -3.215165166336994e-05 0.0097513725337372 0.2948979176134058 1 1 1 1 1 1 1 1 1 1
22 264 -0.2957710575984409 -0.00013034114107736742 0.0006042720522198877 0.30357384950282124 1 1 1 1 1 1 1 1 1 1
23 276 -0.33289800566133126 -0.0013706279507453099 0.015691881510330675 0.3201502974188902 1 1 1 1 1 1 1 1 1 1
24 288 -0.329997418251332 -0.05617314694103378 0.00721664321062907 0.3084932398641767 1 1 1 1 1 1 1 1 1 1
25 300 -0.3650539214053328 -0.003605873703086576 0.01561731912277006 0.3180296758389087 1 1 1 1 1 1 1 1 1 1
26 312 -0.3661487086905083 -0.008361223752673213 0.006743750038141219 0.3583620328362987 1 1 1 1 1 1 1 1 1 1
27 324 -0.3451398407525564 -0.0022270518828240477 0.03149349065324411 0.36603402569016696 1 1 1 1 1 1 1 1 1 1
28 336 -0.4029645164927096 -0.005167677236422731 0.018065850274572033 0.37799540876922916 1 1 1 1 1 1 1 1 1 1
29 348 -0.38438309566726026 -0.009328339770083207 0.0044257515749671775 0.38415802809766486 1 1 1 1 1 1 1 1 1 1
30 360 -0.4238954198762654 -0.010198904054387996 0.011799502947612476 0.3708972203339992 1 1 1 1 1 1 1 1 1 1
31 372 -0.4333403773013989 -0.0009153749446497222 0.020820385533671208 0.40122757212333254 1 1 1 1 1 1 1 1 1 1
32 384 -0.4249143030724249 -0.003951570862157036 0.01661846446589599 0.41750240609980216 1 1 1 1 1 1 1 1 1 1
33 396 -0.44219285018188553 -0.005688273794194648 0.011393395904103185 0.4252192177858663 1 1 1 1 1 1 1 1 1 1
34 408 -0.46983189509874956 -0.010623163616131009 0.010733673148236722 0.4563596628536699 1 1 1 1 1 1 1 1 1 1
35 420 -0.4795871604441944 -0.03452432418502699 0.0036703526263719547 0.4397814926227972 1 1 1 1 1 1 1 1 1 1
36 432 -0.4427630842766134 -0.00631577931028438 0.027967202007985227 0.4672983946812616 1 1 1 1 1 1 1 1 1 1
37 444 -0.4575870120748441 -0.008213240434960158 0.023568631664402703 0.4306626242148542 1 1 1 1 1 1 1 1 1 1
38 456 -0.4636798477588117 -0.0033220997371565123 0.016261930743372944 0.4207031971670349 1 1 1 1 1 1 1 1 1 1
39 468 -0.4637342341552807 -0.0026036025921178834 0.014849922271892736 0.37398173952036073 1 1 1 1 1 1 1 1 1 1
40 480 -0.45352124881911177 -0.029130461261367525 0.006020839583826286 0.3883593322919654 1 1 1 1 1 1 1 1 1 1
41 492 -0.5192146625207278 -0.009332933956491532 0.03529358955404027 0.4406485875918331 1 1 1 1 1 1 1 1 1 1
42 504 -0.5510500285695975 -0.0005538690898450407 0.025054322487731234 0.4273482885182897 1 1 1 1 1 1 1 1 1 1
43 516 -0.5646835631784258 -0.026309255469943192 0.010386039297303522 0.42825181512452404 1 1 1 1 1 1 1 1 1 1
44 528 -0.5771463044314469 -0.06539700330767256 0.0009684818185604152 0.4145026967477458 1 1 1 1 1 1 1 1 1 1
45 540 -0.5811201481989079 -0.04822259898643977 0.011241586950313213 0.4681222103948217 1 1 1 1 1 1 1 1 1 1
46 552 -0.5972819724228717 -0.02379396535794553 0.02310955278381382 0.47896252352280283 1 1 1 1 1 1 1 1 1 1
47 564 -0.5886551713804051 -0.02600848854789861 0.00647270839130148 0.484498595339085 1 1 1 1 1 1 1 1 1 1
48 576 -0.6203114320643982 -0.05064249732484998 0.029985640985385163 0.47746260688162884 1 1 1 1 1 1 1 1 1 1
49 588 -0.6050269603928515 -0.05677948397182401 0.0013123175236834754 0.5002413454796275 1 1 1 1 1 1 1 1 1 1
50 600 -0.5912636947283805 -0.005253380266129058 0.014093760044172088 0.5046532336186405 1 1 1 1 1 1 1 1 1 1
